image_width: 640
image_height: 480
camera_name: narrow_stereo
camera_matrix:
  rows: 3
  cols: 3
  data: [587.728657, 0, 321.26557, 0, 585.80101, 236.129118, 0, 0, 1]
distortion_model: plumb_bob
distortion_coefficients:
  rows: 1
  cols: 5
  data: [0.142575, -0.180017, -0.003078, -0.002926, 0]
rectification_matrix:
  rows: 3
  cols: 3
  data: [1, 0, 0, 0, 1, 0, 0, 0, 1]
projection_matrix:
  rows: 3
  cols: 4
  data: [605.588806, 0, 319.559255, 0, 0, 603.857727, 234.743259, 0, 0, 0, 1, 0]